-10.0 0 4.5397868702434395e-05
-9.939879759519037 0 4.821077705930746e-05
-9.879759519038076 0 5.119796778956892e-05
-9.819639278557114 0 5.437023795263423e-05
-9.759519038076153 0 5.7739053356592294e-05
-9.69939879759519 0 6.131658996057702e-05
-9.639278557114228 0 6.511577783798921e-05
-9.579158316633267 0 6.915034785866279e-05
-9.519038076152304 0 7.343488125778754e-05
-9.458917835671343 0 7.798486226971314e-05
-9.39879759519038 0 8.281673401570537e-05
-9.338677354709418 0 8.794795784632685e-05
-9.278557114228457 0 9.339707635143357e-05
-9.218436873747494 0 9.918378026383574e-05
-9.158316633266534 0 0.00010532897949652225
-9.098196392785571 0 0.00011185487856804571
-9.03807615230461 0 0.00011878505668623354
-8.977955911823647 0 0.00012614455277692205
-8.917835671342685 0 0.00013395995576191255
-8.857715430861724 0 0.00014225950040892726
-8.797595190380761 0 0.00015107316909601935
-8.7374749498998 0 0.00016043279985375158
-8.677354709418838 0 0.0001703722010705756
-8.617234468937875 0 0.0001809272732702579
-8.557114228456914 0 0.00019213613839503242
-8.496993987975952 0 0.00020403927705444448
-8.43687374749499 0 0.00021667967422769912
-8.376753507014028 0 0.00023010297393682866
-8.316633266533067 0 0.0002443576434392017
-8.256513026052104 0 0.00025949514752097124
-8.196392785571142 0 0.00027557013350801984
-8.136272545090181 0 0.00029264062764799943
-8.076152304609218 0 0.00031076824355620716
-8.016032064128257 0 0.00033001840345945493
-7.955911823647295 0 0.0003504605730158971
-7.895791583166332 0 0.000372168510535039
-7.835671342685371 0 0.0003952205314710917
-7.775551102204409 0 0.00041969978911448463
-7.715430861723447 0 0.000445694572460909
-7.655310621242485 0 0.0004732986222948755
-7.595190380761523 0 0.0005026114665855116
-7.5350701402805615 0 0.0005337387763564359
-7.474949899799599 0 0.0005667927432591025
-7.414829659318638 0 0.0006018924801501978
-7.354709418837675 0 0.0006391644460486552
-7.294589178356714 0 0.0006787428969267281
-7.234468937875752 0 0.0007207703638726002
-7.174348697394789 0 0.0007653981602491981
-7.114228456913828 0 0.0008127869195655285
-7.054108216432866 0 0.0008631071658730214
-6.993987975951904 0 0.0009165399186001604
-6.933867735470942 0 0.0009732773338443782
-6.8737474949899795 0 0.0010335233842506855
-6.813627254509019 0 0.001097494579722118
-6.753507014028056 0 0.0011654207313277658
-6.693386773547094 0 0.0012375457608999442
-6.6332665330661325 0 0.00131412855894318
-6.573146292585171 0 0.0013954438936138423
-6.513026052104209 0 0.0014817833736706831
-6.452905811623246 0 0.0015734564684429873
-6.3927855711422845 0 0.0016707915880144126
-6.332665330661323 0 0.001774137226976713
-6.272545090180361 0 0.0018838631752680546
-6.212424849699399 0 0.002000361799775281
-6.152304609218437 0 0.0021240494005476964
-6.092184368737476 0 0.0022553676456411936
-6.032064128256513 0 0.002394785088785193
-5.971943887775551 0 0.002542798774239797
-5.9118236472945895 0 0.002699935933386235
-5.851703406813628 0 0.002866755777768214
-5.791583166332665 0 0.0030438513934743982
-5.731462925851703 0 0.0032318517419207596
-5.671342685370742 0 0.003431423772254281
-5.61122244488978 0 0.00364327465075395
-5.551102204408818 0 0.0038681541127487612
-5.490981963927856 0 0.0041068569427022555
-5.430861723446894 0 0.004360225588225635
-5.370741482965932 0 0.0046291529138726495
-5.31062124248497 0 0.004914585100634791
-5.250501002004008 0 0.005217524697089455
-5.190380761523047 0 0.0055390338281511575
-5.130260521042084 0 0.005880237567329633
-5.070140280561122 0 0.006242327478301481
-5.01002004008016 0 0.0066265653314455455
-4.949899799599199 0 0.007034287000766836
-4.889779559118237 0 0.007466906546329368
-4.829659318637275 0 0.007925920486922795
-4.7695390781563125 0 0.008412912267188261
-4.709418837675351 0 0.00892955692281102
-4.649298597194389 0 0.009477625946635296
-4.589178356713427 0 0.01005899235765255
-4.5290581162324655 0 0.010675635973739135
-4.468937875751503 0 0.011329648887751523
-4.408817635270541 0 0.012023241145104138
-4.348697394789579 0 0.01275874661923153
-4.2885771543086175 0 0.013538629079345343
-4.228456913827656 0 0.014365488442609448
-4.168336673346694 0 0.0152420672002414
-4.108216432865731 0 0.016171257004072823
-4.04809619238477 0 0.01715610539673016
-3.987975951903808 0 0.01819982266479439
-3.927855711422846 0 0.019305788790025015
-3.8677354709418843 0 0.020477560468952778
-3.8076152304609217 0 0.021718878165816233
-3.74749498997996 0 0.023033673157901564
-3.687374749498998 0 0.024426074525805728
-3.6272545090180364 0 0.02590041603394239
-3.5671342685370746 0 0.02746124283871931
-3.507014028056113 0 0.029113317953204806
-3.44689378757515 0 0.030861628387751888
-3.3867735470941884 0 0.032711390875949
-3.3266533066132267 0 0.03466805708441924
-3.266533066132265 0 0.03673731819340695
-3.206412825651303 0 0.038925108722810804
-3.1462925851703414 0 0.041237609465395994
-3.0861723446893787 0 0.04368124937543008
-3.026052104208417 0 0.04626270624704865
-2.965931863727455 0 0.04898890600241659
-2.9058116232464934 0 0.05186702039539689
-2.8456913827655317 0 0.05490446292221044
-2.785571142284569 0 0.058108882716752866
-2.7254509018036073 0 0.06148815619517589
-2.6653306613226455 0 0.06505037620245308
-2.6052104208416837 0 0.06880383840340452
-2.545090180360722 0 0.07275702465260869
-2.4849699398797602 0 0.07691858307239582
-2.4248496993987976 0 0.08129730456639536
-2.364729458917836 0 0.08590209549866008
-2.304609218436874 0 0.09074194627604303
-2.2444889779559123 0 0.09582589558513324
-2.1843687374749505 0 0.10116299005558996
-2.124248496993988 0 0.10676223915007645
-2.064128256513026 0 0.11263256511811336
-2.0040080160320644 0 0.11878274789792478
-1.9438877755511026 0 0.125221364907521
-1.88376753507014 0 0.13195672573451714
-1.823647294589179 0 0.13899680181397342
-1.7635270541082164 0 0.14634915127508138
-1.7034068136272555 0 0.15402083924067558
-1.643286573146293 0 0.1620183539778458
-1.5831663326653302 0 0.17034751942234713
-1.5230460921843694 0 0.17901340473261126
-1.4629258517034067 0 0.18802023166882648
-1.4028056112224458 0 0.19737128073610727
-1.3426853707414832 0 0.20706879717487073
-1.2825651302605205 0 0.21711389802216513
-1.2224448897795597 0 0.2275064816003201
-1.162324649298597 0 0.2382451409087613
-1.1022044088176361 0 0.2493270824956681
-1.0420841683366735 0 0.26074805246262833
-0.9819639278557126 0 0.27250227130173893
-0.92184368737475 0 0.2845823792752492
-0.8617234468937873 0 0.29697939401774004
-0.8016032064128265 0 0.3096826819658484
-0.7414829659318638 0 0.3226799450975645
-0.6813627254509029 0 0.33595722429056146
-0.6212424849699403 0 0.34949892038700414
-0.5611222444889776 0 0.36328783378280827
-0.5010020040080168 0 0.37730522304662967
-0.4408817635270541 0 0.3915308827241336
-0.38076152304609323 0 0.405943240104719
-0.3206412825651306 0 0.4205194703310439
-0.26052104208416793 0 0.43523562882809763
-0.20040080160320706 0 0.4500667996311237
-0.1402805611222444 0 0.4649872578137187
-0.08016032064128353 0 0.47997064387233745
-0.020040080160320883 0 0.49499014762386645
0.04008016032064177 1 0.5100186989301647
0.10020040080160264 1 0.5250291623869611
0.1603206412825653 1 0.539994533011102
0.22044088176352616 1 0.554888129934007
0.2805611222444888 1 0.5696837851613595
0.3406813627254497 1 0.5843560245874014
0.40080160320641234 1 0.5988802386517318
0.460921843687375 1 0.6132328402893168
0.5210420841683359 1 0.6273914081405335
0.5811623246492985 1 0.6413348133455629
0.6412825651302594 1 0.6550433286334053
0.701402805611222 1 0.6684987188167902
0.7615230460921847 1 0.6816843122069344
0.8216432865731456 1 0.6945850528540577
0.8817635270541082 1 0.707187533889413
0.9418837675350691 1 0.7194800125827994
1.0020040080160317 1 0.731452408028423
1.0621242484969944 1 0.7430962826259556
1.1222444889779553 1 0.7544048087293241
1.182364729458918 1 0.7653727219917122
1.2424849699398788 1 0.7759962630419789
1.3026052104208414 1 0.7862731091873362
1.3627254509018023 1 0.7962022978531117
1.422845691382765 1 0.8057841434473222
1.4829659318637276 1 0.8150201492807772
1.5430861723446885 1 0.8239129160882123
1.6032064128256511 1 0.8324660485882562
1.663326653306612 1 0.8406840613955907
1.7234468937875747 1 0.8485722854628316
1.7835671342685373 1 0.856136776087384
1.8436873747494982 1 0.8633842233742071
1.9038076152304608 1 0.8703218659028223
1.9639278557114217 1 0.8769574082091535
2.0240480961923843 1 0.8832989425623764
2.084168336673347 1 0.8893548753957637
2.144288577154308 1 0.8951338586398572
2.2044088176352705 1 0.9006447261069679
2.2645290581162314 1 0.905896434988395
2.324649298597194 1 0.9108980124498495
2.3847695390781567 1 0.915658507246063
2.4448897795591176 1 0.9201869462219556
2.50501002004008 1 0.924492295524274
2.565130260521041 1 0.9285834263135264
2.6252505010020037 1 0.9324690847403797
2.6853707414829646 1 0.9361578659325641
2.7454909819639273 1 0.9396581917267903
2.80561122244489 1 0.9429782918743245
2.865731462925851 1 0.9461261884478334
2.9258517034068134 1 0.9491096831800871
2.9859719438877743 1 0.9519363474713416
3.046092184368737 1 0.9546135148110851
3.1062124248496996 1 0.9571482753706638
3.1663326653306605 1 0.9595474725356461
3.226452905811623 1 0.961817701160126
3.286573146292584 1 0.9639653073391654
3.3466933867735467 1 0.9659963895098673
3.4068136272545093 1 0.9679168007059196
3.46693386773547 1 0.9697321518045974
3.527054108216433 1 0.9714478156190277
3.5871743486973937 1 0.9730689317018199
3.6472945891783564 1 0.9746004117388902
3.7074148296593172 1 0.9760469454243614
3.76753507014028 1 0.9774130067187582
3.8276553106212425 1 0.9787028604033132
3.8877755511022034 1 0.9799205688530567
3.947895791583166 1 0.9810699989604573
4.008016032064127 1 0.9821548291497485
4.06813627254509 1 0.9831785564297415
4.128256513026052 1 0.9841445034398906
4.188376753507013 1 0.9850558254507134
4.248496993987976 1 0.9859155172853797
4.308617234468937 1 0.9867264201344244
4.368737474949899 1 0.9874912282401522
4.428857715430862 1 0.9882124954314068
4.488977955911823 1 0.9888926414930393
4.5490981963927855 1 0.9895339583576396
4.609218436873746 1 0.9901386161099508
4.669338677354709 1 0.9907086687968877
4.729458917835672 1 0.9912460600382622
4.7895791583166325 1 0.9917526284352234
4.849699398797595 1 0.9922301127750561
4.909819639278556 1 0.9926801570323898
4.969939879759519 1 0.9931043151680743
5.0300601202404795 1 0.9935040557279939
5.090180360721442 1 0.9938807662449389
5.150300601202405 1 0.9942357574473643
5.210420841683366 1 0.9945702672794395
5.270541082164328 1 0.9948854647372587
5.330661322645289 1 0.9951824535264374
5.390781563126252 1 0.995462275546611
5.4509018036072145 1 0.9957259142085387
5.511022044088175 1 0.9959742975896609
5.571142284569138 1 0.9962083014340355
5.631262525050099 1 0.9964287520026045
5.691382765531062 1 0.9966364287797409
5.751503006012024 1 0.9968320670419719
5.811623246492985 1 0.9970163602947073
5.871743486973948 1 0.9971899625826952
5.931863727454909 1 0.9973534906798195
5.991983967935871 1 0.9975075261637046
6.052104208416832 1 0.9976526173804605
6.112224448897795 1 0.9977892813047293
6.1723446893787575 1 0.9979180053000434
6.23246492985972 1 0.9980392487843208
6.292585170340679 1 0.998153444805164
6.352705410821642 1 0.9982610015294416
6.4128256513026045 1 0.9983623036514664
6.472945891783567 1 0.9984577137238991
6.53306613226453 1 0.9985475734153452
6.593186372745489 1 0.9986322046984295
6.653306613226452 1 0.9987119109719788
6.713426853707414 1 0.9987869781207676
6.773547094188377 1 0.9988576755161338
6.8336673346693395 1 0.9989242569606072
6.893787575150299 1 0.9989869615795501
6.953907815631261 1 0.9990460146626634
7.014028056112224 1 0.9991016284580688
7.074148296593187 1 0.999154002921547
7.134268537074149 1 0.9992033264233807
7.194388777555108 1 0.9992497764151282
7.254509018036071 1 0.9992935200585308
7.314629258517034 1 0.9993347148186488
7.374749498997996 1 0.9993735090232104
7.434869739478959 1 0.9994100423900466
7.494989979959918 1 0.9994444465244007
7.555110220440881 1 0.9994768453877892
7.615230460921843 1 0.9995073557400166
7.675350701402806 1 0.9995360875558459
7.735470941883769 1 0.9995631444177618
7.795591182364728 1 0.9995886238861662
7.85571142284569 1 0.9996126178482915
7.915831663326653 1 0.9996352128470326
7.975951903807616 1 0.9996564903908406
8.036072144288575 1 0.9996765272457526
8.096192384769537 1 0.9996953957105794
8.1563126252505 1 0.9997131638762061
8.216432865731463 1 0.9997298958699181
8.276553106212425 1 0.9997456520856064
8.336673346693384 1 0.999760489400661
8.396793587174347 1 0.9997744613803168
8.45691382765531 1 0.9997876184701687
8.517034068136272 1 0.9998000081775414
8.577154308617235 1 0.9998116752423473
8.637274549098194 1 0.9998226617980437
8.697394789579157 1 0.9998330075232562
8.75751503006012 1 0.9998427497846079
8.817635270541082 1 0.9998519237712586
8.877755511022045 1 0.9998605626216384
8.937875751503004 1 0.9998686975428189
8.997995991983966 1 0.9998763579229548
9.05811623246493 1 0.9998835714371903
9.118236472945892 1 0.9998903641474142
9.178356713426854 1 0.999896760596214
9.238476953907814 1 0.999902783895371
9.298597194388776 1 0.9999084558092058
9.358717434869739 1 0.9999137968330796
9.418837675350701 1 0.999918826267327
9.478957915831664 1 0.9999235622868881
9.539078156312623 1 0.9999280220068884
9.599198396793586 1 0.9999322215444012
9.659318637274549 1 0.9999361760766164
9.719438877755511 1 0.9999398998956208
9.779559118236474 1 0.9999434064599906
9.839679358717433 1 0.9999467084433783
9.899799599198396 1 0.9999498177802713
9.959919839679358 1 0.9999527457090829
10.02004008016032 1 0.9999555028127359
10.080160320641284 1 0.9999580990568802
10.140280561122243 1 0.9999605438258838
10.200400801603205 1 0.9999628459567282
10.260521042084168 1 0.999965013770926
10.32064128256513 1 0.9999670551045806
10.38076152304609 1 0.9999689773366938
10.440881763527052 1 0.9999707874158223
10.501002004008015 1 0.9999724918851812
10.561122244488978 1 0.9999740969062846
10.62124248496994 1 0.9999756082812065
10.6813627254509 1 0.9999770314735466
10.741482965931862 1 0.9999783716281702
10.801603206412825 1 0.9999796335898006
10.861723446893787 1 0.9999808219205248
10.92184368737475 1 0.9999819409162806
10.981963927855709 1 0.9999829946223806
11.042084168336672 1 0.999983986848132
11.102204408817634 1 0.9999849211806028
11.162324649298597 1 0.9999858009975866
11.22244488977956 1 0.9999866294798105
11.282565130260519 1 0.9999874096224304
11.342685370741481 1 0.9999881442458572
11.402805611222444 1 0.9999888360059502
11.462925851703407 1 0.9999894874036177
11.52304609218437 1 0.9999901007938553
11.583166332665328 1 0.9999906783942591
11.643286573146291 1 0.9999912222930416
11.703406813627254 1 0.9999917344565792
11.763527054108216 1 0.9999922167365208
11.823647294589179 1 0.9999926708764814
11.883767535070138 1 0.9999930985183434
11.9438877755511 1 0.9999935012081941
12.004008016032063 1 0.999993880401913
12.064128256513026 1 0.9999942374704349
12.124248496993989 1 0.9999945737047069
12.184368737474948 1 0.9999948903203534
12.24448897795591 1 0.9999951884620726
12.304609218436873 1 0.9999954692077732
12.364729458917836 1 0.9999957335724717
12.424849699398798 1 0.9999959825119623
12.484969939879758 1 0.999996216926271
12.54509018036072 1 0.9999964376629107
12.605210420841683 1 0.9999966455199436
12.665330661322646 1 0.9999968412488686
12.725450901803605 1 0.9999970255573358
12.785571142284567 1 0.9999971991117057
12.84569138276553 1 0.9999973625394596
12.905811623246493 1 0.9999975164314654
12.965931863727455 1 0.9999976613441165
13.026052104208414 1 0.9999977978013415
13.086172344689377 1 0.999997926296499
13.14629258517034 1 0.9999980472941618
13.206412825651302 1 0.9999981612317952
13.266533066132265 1 0.9999982685213398
13.326653306613224 1 0.9999983695507002
13.386773547094187 1 0.9999984646851476
13.44689378757515 1 0.9999985542686405
13.507014028056112 1 0.9999986386250678
13.567134268537075 1 0.9999987180594205
13.627254509018034 1 0.9999987928588937
13.687374749498996 1 0.9999988632939254
13.747494989979959 1 0.9999989296191738
13.807615230460922 1 0.9999989920744382
13.867735470941884 1 0.9999990508855263
13.927855711422843 1 0.9999991062650705
13.987975951903806 1 0.9999991584132959
14.048096192384769 1 0.9999992075187453
14.108216432865731 1 0.9999992537589601
14.168336673346694 1 0.9999992973011225
14.228456913827653 1 0.9999993383026597
14.288577154308616 1 0.999999376911814
14.348697394789578 1 0.9999994132681768
14.408817635270541 1 0.9999994475031958
14.468937875751504 1 0.9999994797406482
14.529058116232463 1 0.9999995100970889
14.589178356713425 1 0.9999995386822728
14.649298597194388 1 0.9999995655995497
14.70941883767535 1 0.9999995909462399
14.769539078156313 1 0.9999996148139849
14.829659318637272 1 0.9999996372890793
14.889779559118235 1 0.9999996584527818
14.949899799599198 1 0.999999678381611
15.01002004008016 1 0.9999996971476195
15.07014028056112 1 0.9999997148186565
15.130260521042082 1 0.999999731458612
15.190380761523045 1 0.9999997471276483
15.250501002004007 1 0.9999997618824173
15.31062124248497 1 0.999999775776265
15.37074148296593 1 0.9999997888594252
15.430861723446892 1 0.9999998011792004
15.490981963927855 1 0.9999998127801331
15.551102204408817 1 0.9999998237041665
15.61122244488978 1 0.9999998339907972
15.671342685370739 1 0.9999998436772164
15.731462925851702 1 0.9999998527984458
15.791583166332664 1 0.9999998613874638
15.851703406813627 1 0.9999998694753237
15.91182364729459 1 0.9999998770912677
15.971943887775549 1 0.9999998842628314
16.03206412825651 1 0.9999998910159437
16.092184368737474 1 0.9999998973750207
16.152304609218437 1 0.999999903363054
16.2124248496994 1 0.9999999090016937
16.27254509018036 1 0.9999999143113258
16.33266533066132 1 0.9999999193111478
16.392785571142284 1 0.999999924019237
16.452905811623246 1 0.9999999284526153
16.51302605210421 1 0.9999999326273118
16.573146292585168 1 0.99999993655842
16.63326653306613 1 0.9999999402601534
16.693386773547093 1 0.9999999437458956
16.753507014028056 1 0.9999999470282491
16.81362725450902 1 0.9999999501190815
16.873747494989978 1 0.9999999530295682
16.93386773547094 1 0.9999999557702315
16.993987975951903 1 0.9999999583509809
17.054108216432866 1 0.9999999607811467
17.11422845691383 1 0.9999999630695156
17.174348697394787 1 0.9999999652243613
17.23446893787575 1 0.9999999672534745
17.294589178356713 1 0.9999999691641915
17.354709418837675 1 0.9999999709634209
17.414829659318634 1 0.9999999726576673
17.474949899799597 1 0.9999999742530568
17.53507014028056 1 0.9999999757553574
17.595190380761522 1 0.9999999771700007
17.655310621242485 1 0.9999999785021012
17.715430861723444 1 0.9999999797564758
17.775551102204407 1 0.9999999809376588
17.83567134268537 1 0.9999999820499218
17.895791583166332 1 0.9999999830972853
17.955911823647295 1 0.9999999840835367
18.016032064128254 1 0.9999999850122416
18.076152304609217 1 0.9999999858867579
18.13627254509018 1 0.9999999867102471
18.196392785571142 1 0.9999999874856867
18.256513026052104 1 0.9999999882158807
18.316633266533064 1 0.9999999889034686
18.376753507014026 1 0.9999999895509369
18.43687374749499 1 0.9999999901606261
18.49699398797595 1 0.9999999907347409
18.557114228456914 1 0.9999999912753567
18.617234468937873 1 0.9999999917844281
18.677354709418836 1 0.9999999922637962
18.7374749498998 1 0.9999999927151935
18.79759519038076 1 0.9999999931402523
18.857715430861724 1 0.9999999935405097
18.917835671342683 1 0.9999999939174127
18.977955911823646 1 0.9999999942723237
19.03807615230461 1 0.9999999946065261
19.09819639278557 1 0.9999999949212284
19.158316633266534 1 0.999999995217568
19.218436873747493 1 0.9999999954966168
19.278557114228455 1 0.9999999957593833
19.338677354709418 1 0.9999999960068178
19.39879759519038 1 0.9999999962398147
19.458917835671343 1 0.9999999964592166
19.519038076152302 1 0.9999999966658166
19.579158316633265 1 0.9999999968603619
19.639278557114228 1 0.9999999970435558
19.69939879759519 1 0.9999999972160605
19.75951903807615 1 0.9999999973784996
19.819639278557112 1 0.9999999975314608
19.879759519038075 1 0.9999999976754967
19.939879759519037 1 0.9999999978111285
20.0 1 0.9999999979388463
